[157 190 186] [156 189 185] [157 190 186] [159 192 188] [163 194 191] [164 195 192] [165 195 190] [164 194 189] [163 190 186] [163 190 186] 
[155 188 184] [155 188 184] [156 189 185] [158 191 187] [162 193 190] [163 194 191] [165 194 191] [164 194 189] [163 190 186] [163 190 186] 
[153 185 184] [153 185 184] [155 186 185] [157 188 187] [160 191 190] [162 193 192] [164 192 192] [163 192 189] [164 191 188] [164 191 188] 
[150 181 182] [150 182 181] [152 182 183] [155 186 185] [158 188 189] [160 191 190] [162 190 191] [161 189 189] [163 189 189] [163 190 187] 
[149 178 182] [148 178 179] [149 178 182] [152 182 183] [158 185 189] [160 188 189] [162 187 191] [161 186 188] [161 186 188] [161 187 187] 
[147 176 181] [147 176 180] [147 176 181] [150 179 183] [155 181 187] [157 184 188] [159 183 189] [158 183 187] [158 183 187] [158 183 185] 
[148 174 181] [148 174 180] [148 174 181] [150 176 182] [155 178 186] [157 181 187] [156 179 187] [155 179 185] [157 179 185] [157 179 184] 
[147 172 182] [147 173 180] [147 172 182] [150 176 183] [154 177 185] [156 179 187] [155 178 186] [154 177 185] [154 175 183] [155 177 183] 
[151 173 185] [151 173 184] [152 174 186] [154 176 187] [156 178 189] [156 178 189] [156 176 187] [153 173 184] [151 171 182] [152 173 181] 
[150 172 184] [150 172 184] [151 173 185] [153 175 187] [154 176 187] [154 176 187] [154 174 185] [152 172 183] [150 170 181] [150 170 181] 
